000: 59492 133243 236332 368759
001: 15296 59922 133886 237188 369828
002: 15551 60424 134635 238184 371071
003: 15771 60861 135289 239055 372159
004: 16031 61366 136039 240050 373399
005: 16249 61797 136683 240907 374469
006: 16495 62272 137387 241840 375631
007: 16734 62738 138080 242760 376778
008: 16963 63179 138733 243625 377855
009: 17182 63604 139364 244462 378898
010: 17432 64082 140070 245396 380060
011: 17666 64531 140734 246275 381154
012: 17927 65028 141467 247244 382359
013: 18140 65435 142068 248039 383348
014: 18404 65936 142806 249014 384560
015: 18630 66367 143442 249855 385606
016: 18925 66917 144247 250915 386921
017: 19125 67296 144805 251652 387837
018: 19434 67870 145644 252756 389206
019: 19620 68224 146166 253446 390064
020: 19948 68826 147042 254596 391488
021: 20125 69165 147543 255259 392313
022: 20480 69811 148480 256487 393832
023: 20655 70147 148977 257145 394651
024: 21024 70808 149930 258390 396188
025: 21179 71113 150385 258995 396943
026: 21537 71750 151301 260190 398417
027: 21721 72100 151817 260872 399265
028: 22061 72700 152677 261992 400645
029: 22273 73095 153255 262753 401589
030: 22594 73665 154074 263821 402906
031: 22854 74143 154770 264735 404038
032: 23153 74671 155527 265721 405253
033: 23419 75164 156247 266668 406427
034: 23690 75636 156920 267542 407502
035: 23988 76185 157720 268593 408804
036: 24268 76665 158400 269473 409884
037: 24576 77228 159218 270546 411212
038: 24830 77668 159844 271358 412210
039: 25141 78226 160649 272410 413509
040: 25401 78673 161283 273231 414517
041: 25719 79240 162099 274296 415831
042: 25969 79674 162717 275098 416817
043: 26305 80264 163561 276196 418169
044: 26555 80700 164183 277004 419163
045: 26906 81314 165060 278144 420566
046: 27169 81760 165689 278956 421561
047: 27530 82394 166596 280136 423014
048: 27802 82855 167246 280975 424042
049: 28141 83454 168105 282094 425421
050: 28400 83887 168712 282875 426376
051: 28758 84515 169610 284043 427814
052: 29027 84960 170231 284840 428787
053: 29422 85648 171212 286114 430354
054: 29645 86015 171723 286769 431153
055: 30060 86736 172750 288102 432792
056: 30248 87047 173184 288659 433472
057: 30697 87819 174279 290077 435213
058: 30862 88090 174656 290560 435802
059: 31352 88925 175836 292085 437672
060: 31535 89223 176249 292613 438315
061: 32105 90179 177591 294341 440429
062: 32312 90524 178074 294962 441188
063: 32901 91508 179453 296736 443357
064: 33108 91853 179936 297357 444116
065: 33689 92820 181289 299096 446237
066: 33900 93169 181776 299721 446992
067: 34485 94140 183133 301464 449109
068: 34628 94385 183480 301913 449644
069: 35169 95270 184709 303486 451541
070: 35314 95513 185050 303925 452054
071: 35845 96374 186241 305446 453879
072: 36004 96643 186620 305935 454445
073: 36520 97473 187764 307393 456187
074: 36721 97809 188235 307999 456889
075: 37219 98609 189337 309403 458559
076: 37446 98996 189884 310110 459378
077: 37914 99744 190912 311418 460926
078: 38179 100186 191531 312214 461838
079: 38609 100869 192467 313403 463246
080: 38902 101354 193144 314272 464234
081: 39347 102059 194109 315497 465678
082: 39633 102530 194765 316338 466623
083: 40076 103239 195740 317579 468085
084: 40385 103734 196421 318446 469041
085: 40804 104401 197336 319609 470404
086: 41095 104869 197981 320431 471309
087: 41520 105542 198902 321600 472673
088: 41847 106069 199629 322527 473682
089: 42275 106745 200553 323699 475044
090: 42576 107233 201228 324561 475978
091: 43021 107926 202169 325750 477349
092: 43344 108449 202892 326673 478358
093: 43808 109173 203876 327917 479788
094: 44137 109701 204603 328843 480775
095: 44565 110364 205501 329976 482071
096: 44924 110935 206284 330971 483123
097: 45335 111573 207149 332063 484365
098: 45749 112231 208051 333209 485588
099: 46113 112793 208811 334167 486679
100: 46534 113464 209732 335338 487929
101: 46864 113968 210410 336190 488892
102: 47312 114678 211382 337424 490199
103: 47615 115136 211995 338192 491063
104: 48111 115919 213065 339549 492495
105: 48407 116370 213671 340310 493354
106: 48931 117187 214781 341713 494822
107: 49239 117656 215411 342504 495707
108: 49774 118488 216540 343930 497190
109: 50076 118948 217158 344706 498053
110: 50562 119703 218182 345999 499383
111: 50882 120190 218836 346820 500295
112: 51360 120928 219834 348078 501582
113: 51729 121491 220591 349029 502631
114: 52208 122226 221582 350276 503894
115: 52570 122776 222320 351202 504903
116: 53016 123457 223236 352353 506055
117: 53404 124048 224030 353350 507136
118: 53871 124762 224991 354558 508346
119: 54274 125374 225812 355588 509453
120: 54699 126021 226681 356679 510541
121: 55114 126650 227524 357736 511664
122: 55579 127355 228469 358921 512842
123: 55999 127988 229315 359980 513956
124: 56451 128674 230235 361134 515096
125: 56854 129280 231044 362146 516158
126: 57336 130007 232016 363363 517350
127: 57755 130637 232857 364415 518450
128: 58245 131374 233841 365646 519650
129: 58642 131970 234636 366640 520684
130: 59055 132589 235461 367671 521675
