000: 236332 368759 530524 721627
001: 237188 369828 531806 723122
002: 238184 371071 533296 724859
003: 239055 372159 534601 726381
004: 240050 373399 536086 728111
005: 240907 374469 537369 729607
006: 241840 375631 538760 731227
007: 242760 376778 540134 732828
008: 243625 377855 541423 734329
009: 244462 378898 542672 735784
010: 245396 380060 544062 737402
011: 246275 381154 545371 738926
012: 247244 382359 546812 740603
013: 248039 383348 547995 741980
014: 249014 384560 549444 743666
015: 249855 385606 550695 745122
016: 250915 386921 552265 746947
017: 251652 387837 553360 748221
018: 252756 389206 554994 750120
019: 253446 390064 556020 751314
020: 254596 391488 557718 753286
021: 255259 392313 558705 754435
022: 256487 393832 560515 756536
023: 257145 394651 561495 757677
024: 258390 396188 563324 759798
025: 258995 396943 564229 760853
026: 260190 398417 565982 762885
027: 260872 399265 566996 764065
028: 261992 400645 568636 765965
029: 262753 401589 569763 767275
030: 263821 402906 571329 769090
031: 264735 404038 572679 770658
032: 265721 405253 574123 772331
033: 266668 406427 575524 773959
034: 267542 407502 576800 775436
035: 268593 408804 578353 777240
036: 269473 409884 579633 778720
037: 270546 411212 581216 780558
038: 271358 412210 582400 781928
039: 272410 413509 583946 783721
040: 273231 414517 585141 785103
041: 274296 415831 586704 786915
042: 275098 416817 587874 788269
043: 276196 418169 589480 790129
044: 277004 419163 590660 791495
045: 278144 420566 592326 793424
046: 278956 421561 593504 794785
047: 280136 423014 595230 796784
048: 280975 424042 596447 798190
049: 282094 425421 598086 800089
050: 282875 426376 599215 801392
051: 284043 427814 600923 803370
052: 284840 428787 602072 804695
053: 286114 430354 603932 806848
054: 286769 431153 604875 807935
055: 288102 432792 606820 810186
056: 288659 433472 607623 811112
057: 290077 435213 609687 813499
058: 290560 435802 610382 814300
059: 292085 437672 612597 816860
060: 292613 438315 613355 817733
061: 294341 440429 615855 820619
062: 294962 441188 616752 821654
063: 296736 443357 619316 824613
064: 297357 444116 620213 825648
065: 299096 446241 622724 828541
066: 299721 447004 623625 829572
067: 301464 449133 626140 832461
068: 301913 449684 626793 833200
069: 303486 451601 629054 835785
070: 303925 452138 629689 836494
071: 305446 453989 631870 838979
072: 305935 454588 632579 839765
073: 307393 456360 634665 842135
074: 307999 457101 635541 843107
075: 309403 458807 637549 845381
076: 310110 459674 638576 846520
077: 311418 461262 640444 848628
078: 312214 462235 641594 849894
079: 313403 463677 643289 851808
080: 314272 464738 644542 853180
081: 315497 466223 646287 855144
082: 316338 467249 647498 856459
083: 317579 468756 649271 858453
084: 318446 469809 650510 859781
085: 319609 471220 652169 861640
086: 320431 472219 653345 862899
087: 321600 473636 655010 864759
088: 322527 474763 656337 866168
089: 323699 476183 658005 868026
090: 324561 477232 659241 869334
091: 325750 478669 660926 871201
092: 326673 479792 662249 872610
093: 327917 481296 664013 874560
094: 328843 482421 665337 875945
095: 329976 483789 666940 877711
096: 330971 484996 668359 879187
097: 332063 486315 669905 880883
098: 333209 487705 671539 882594
099: 334167 488861 672893 884081
100: 335338 490282 674564 885831
101: 336190 491308 675764 887142
102: 337424 492804 677522 888973
103: 338192 493727 678600 890147
104: 339549 495371 680531 892153
105: 340310 496287 681602 893322
106: 341713 497983 683591 895376
107: 342504 498935 684704 896583
108: 343930 500658 686724 898660
109: 344706 501592 687816 899839
110: 345999 503154 689647 901707
111: 346820 504142 690802 902953
112: 348078 505660 692580 904760
113: 349029 506805 693919 906197
114: 350276 508308 695678 907972
115: 351202 509422 696980 909357
116: 352353 510808 698601 910979
117: 353350 512008 700004 912466
118: 354558 513463 701706 914170
119: 355588 514702 703154 915695
120: 356679 516015 704689 917227
121: 357736 517286 706174 918778
122: 358921 518711 707839 920436
123: 359980 519983 709324 921976
124: 361134 521371 710946 923584
125: 362146 522586 712364 925052
126: 363363 524048 714071 926734
127: 364415 525311 715545 928256
128: 365646 526789 717270 929950
129: 366640 527982 718662 931382
130: 367671 529219 720105 932785
